10000 117 101
20000 236 108
30000 351 121
40000 494 109
50000 611 112
60000 713 145
70000 834 132
80000 969 125
90000 1085 135
100000 1201 116
110000 1358 133
120000 1444 124
130000 1578 141
140000 1725 147
150000 1808 134
160000 1937 120
170000 1741 77
180000 1439 91
190000 1534 87
200000 1480 62
210000 1258 75
220000 1326 69
230000 1390 63
240000 1220 51
250000 1193 63
260000 1250 60
270000 1290 55
280000 1141 42
290000 1153 45
300000 1195 46
310000 1236 48
320000 1134 34
330000 1124 37
340000 1167 34
350000 1195 40
360000 1130 35
370000 1105 34
380000 1135 34
390000 1165 45
400000 1147 28
410000 1091 27
420000 1121 29
430000 1143 32
440000 1167 28
450000 1080 30
460000 1104 26
470000 1126 30
480000 1148 26
490000 1171 28
500000 1194 25
510000 1216 27
520000 1241 29
530000 1266 26
540000 1289 36
550000 1303 28
560000 1341 26
570000 1361 27
580000 1389 28
590000 1408 25
600000 1438 28
610000 1458 29
620000 1489 30
630000 1503 37
640000 1529 25
650000 1552 30
660000 1576 25
670000 1605 28
680000 1617 26
690000 1647 29
700000 1674 29
710000 1702 30
720000 1719 28
730000 1749 28
740000 1768 28
750000 1799 30
760000 1808 28
770000 1840 33
780000 1867 31
790000 1891 29
800000 1911 26
810000 1939 27
820000 1965 26
830000 1982 28
840000 2017 27
850000 2026 29
860000 2057 33
870000 2075 29
880000 2103 29
890000 2133 28
900000 2155 31
910000 2173 30
920000 2196 27
930000 2215 28
940000 2249 31
950000 2270 33
960000 2298 27
970000 2318 29
980000 2353 30
990000 2367 30
